
 Timp -1, tabela rutare ruter 0
0    0  -1
1  999  -1
2  999  -1
3  999  -1
4  999  -1
5  999  -1
6  999  -1
7  999  -1
8  999  -1
9  999  -1

 Timp 0, tabela rutare ruter 1
0  999  -1
1    0  -1
2  999  -1
3  999  -1
4  999  -1
5  999  -1
6  999  -1
7  999  -1
8  999  -1
9  999  -1

 Timp 0, tabela rutare ruter 0
0    0  -1
1  999  -1
2  999  -1
3  999  -1
4  999  -1
5  999  -1
6  999  -1
7  999  -1
8  999  -1
9  999  -1

 Timp 1, tabela rutare ruter 1
0  999  -1
1    0  -1
2  999  -1
3  999  -1
4  999  -1
5  999  -1
6  999  -1
7  999  -1
8  999  -1
9  999  -1

 Timp 1, tabela rutare ruter 0
0    0  -1
1    5   1
2  999  -1
3  999  -1
4  999  -1
5  999  -1
6  999  -1
7  999  -1
8  999  -1
9  999  -1

 Timp 2, tabela rutare ruter 1
0    5   0
1    0  -1
2  999  -1
3  999  -1
4  999  -1
5  999  -1
6  999  -1
7  999  -1
8  999  -1
9  999  -1

 Timp 2, tabela rutare ruter 0
0    0  -1
1    5   1
2  999  -1
3  999  -1
4  999  -1
5  999  -1
6  999  -1
7  999  -1
8  999  -1
9  999  -1

 Timp 2, tabela rutare ruter 2
0  999  -1
1  999  -1
2    0  -1
3  999  -1
4  999  -1
5  999  -1
6  999  -1
7  999  -1
8  999  -1
9  999  -1

 Timp 3, tabela rutare ruter 1
0    5   0
1    0  -1
2    7   2
3  999  -1
4  999  -1
5  999  -1
6  999  -1
7  999  -1
8  999  -1
9  999  -1

 Timp 3, tabela rutare ruter 0
0    0  -1
1    5   1
2    3   2
3  999  -1
4  999  -1
5  999  -1
6  999  -1
7  999  -1
8  999  -1
9  999  -1

 Timp 3, tabela rutare ruter 2
0  999  -1
1  999  -1
2    0  -1
3  999  -1
4  999  -1
5  999  -1
6  999  -1
7  999  -1
8  999  -1
9  999  -1

 Timp 4, tabela rutare ruter 1
0    5   0
1    0  -1
2    7   2
3  999  -1
4  999  -1
5  999  -1
6  999  -1
7  999  -1
8  999  -1
9  999  -1

 Timp 4, tabela rutare ruter 0
0    0  -1
1    5   1
2    3   2
3  999  -1
4  999  -1
5  999  -1
6  999  -1
7  999  -1
8  999  -1
9  999  -1

 Timp 4, tabela rutare ruter 2
0    3   0
1    7   1
2    0  -1
3  999  -1
4  999  -1
5  999  -1
6  999  -1
7  999  -1
8  999  -1
9  999  -1

 Timp 4, tabela rutare ruter 3
0  999  -1
1  999  -1
2  999  -1
3    0  -1
4  999  -1
5  999  -1
6  999  -1
7  999  -1
8  999  -1
9  999  -1

 Timp 5, tabela rutare ruter 1
0    5   0
1    0  -1
2    7   2
3    8   3
4  999  -1
5  999  -1
6  999  -1
7  999  -1
8  999  -1
9  999  -1

 Timp 5, tabela rutare ruter 0
0    0  -1
1    5   1
2    3   2
3  999  -1
4  999  -1
5  999  -1
6  999  -1
7  999  -1
8  999  -1
9  999  -1

 Timp 5, tabela rutare ruter 2
0    3   0
1    7   1
2    0  -1
3  999  -1
4  999  -1
5  999  -1
6  999  -1
7  999  -1
8  999  -1
9  999  -1

 Timp 5, tabela rutare ruter 3
0  999  -1
1  999  -1
2  999  -1
3    0  -1
4  999  -1
5  999  -1
6  999  -1
7  999  -1
8  999  -1
9  999  -1

 Timp 6, tabela rutare ruter 1
0    5   0
1    0  -1
2    7   2
3    8   3
4  999  -1
5  999  -1
6  999  -1
7  999  -1
8  999  -1
9  999  -1

 Timp 6, tabela rutare ruter 0
0    0  -1
1    5   1
2    3   2
3    9   3
4  999  -1
5  999  -1
6  999  -1
7  999  -1
8  999  -1
9  999  -1

 Timp 6, tabela rutare ruter 2
0    3   0
1    7   1
2    0  -1
3   15   1
4  999  -1
5  999  -1
6  999  -1
7  999  -1
8  999  -1
9  999  -1

 Timp 6, tabela rutare ruter 3
0    9   0
1    8   1
2   12   0
3    0  -1
4  999  -1
5  999  -1
6  999  -1
7  999  -1
8  999  -1
9  999  -1

 Timp 7, tabela rutare ruter 1
0    5   0
1    0  -1
2    7   2
3    8   3
4  999  -1
5  999  -1
6  999  -1
7  999  -1
8  999  -1
9  999  -1

 Timp 7, tabela rutare ruter 0
0    0  -1
1    5   1
2    3   2
3    9   3
4  999  -1
5  999  -1
6  999  -1
7  999  -1
8  999  -1
9  999  -1

 Timp 7, tabela rutare ruter 2
0    3   0
1    7   1
2    0  -1
3   15   1
4  999  -1
5  999  -1
6  999  -1
7  999  -1
8  999  -1
9  999  -1

 Timp 7, tabela rutare ruter 3
0    9   0
1    8   1
2   12   0
3    0  -1
4  999  -1
5  999  -1
6  999  -1
7  999  -1
8  999  -1
9  999  -1

 Timp 8, tabela rutare ruter 1
0    5   0
1    0  -1
2    7   2
3    8   3
4  999  -1
5  999  -1
6  999  -1
7  999  -1
8  999  -1
9  999  -1

 Timp 8, tabela rutare ruter 0
0    0  -1
1    5   1
2    3   2
3    9   3
4  999  -1
5  999  -1
6  999  -1
7  999  -1
8  999  -1
9  999  -1

 Timp 8, tabela rutare ruter 2
0    3   0
1    7   1
2    0  -1
3   12   0
4  999  -1
5  999  -1
6  999  -1
7  999  -1
8  999  -1
9  999  -1

 Timp 8, tabela rutare ruter 4
0  999  -1
1  999  -1
2  999  -1
3  999  -1
4    0  -1
5  999  -1
6  999  -1
7  999  -1
8  999  -1
9  999  -1

 Timp 8, tabela rutare ruter 3
0    9   0
1    8   1
2   12   0
3    0  -1
4  999  -1
5  999  -1
6  999  -1
7  999  -1
8  999  -1
9  999  -1

 Timp 9, tabela rutare ruter 1
0    5   0
1    0  -1
2    7   2
3    8   3
4    3   4
5  999  -1
6  999  -1
7  999  -1
8  999  -1
9  999  -1

 Timp 9, tabela rutare ruter 0
0    0  -1
1    5   1
2    3   2
3    9   3
4    4   4
5  999  -1
6  999  -1
7  999  -1
8  999  -1
9  999  -1

 Timp 9, tabela rutare ruter 2
0    3   0
1    7   1
2    0  -1
3   12   0
4  999  -1
5  999  -1
6  999  -1
7  999  -1
8  999  -1
9  999  -1

 Timp 9, tabela rutare ruter 4
0  999  -1
1  999  -1
2  999  -1
3  999  -1
4    0  -1
5  999  -1
6  999  -1
7  999  -1
8  999  -1
9  999  -1

 Timp 9, tabela rutare ruter 3
0    9   0
1    8   1
2   12   0
3    0  -1
4   10   4
5  999  -1
6  999  -1
7  999  -1
8  999  -1
9  999  -1

 Timp 10, tabela rutare ruter 0
0    0  -1
1    5   1
2    3   2
3    9   3
4    4   4
5  999  -1
6  999  -1
7  999  -1
8  999  -1
9  999  -1

 Timp 10, tabela rutare ruter 1
0    5   0
1    0  -1
2    7   2
3    8   3
4    3   4
5  999  -1
6  999  -1
7  999  -1
8  999  -1
9  999  -1

 Timp 10, tabela rutare ruter 2
0    3   0
1    7   1
2    0  -1
3   12   0
4    7   0
5  999  -1
6  999  -1
7  999  -1
8  999  -1
9  999  -1

 Timp 10, tabela rutare ruter 4
0    4   0
1    3   1
2    7   0
3   10   3
4    0  -1
5  999  -1
6  999  -1
7  999  -1
8  999  -1
9  999  -1

 Timp 10, tabela rutare ruter 3
0    9   0
1    8   1
2   12   0
3    0  -1
4   10   4
5  999  -1
6  999  -1
7  999  -1
8  999  -1
9  999  -1

 Timp 10, tabela rutare ruter 5
0  999  -1
1  999  -1
2  999  -1
3  999  -1
4  999  -1
5    0  -1
6  999  -1
7  999  -1
8  999  -1
9  999  -1

 Timp 11, tabela rutare ruter 0
0    0  -1
1    5   1
2    3   2
3    9   3
4    4   4
5   12   5
6  999  -1
7  999  -1
8  999  -1
9  999  -1

 Timp 11, tabela rutare ruter 1
0    5   0
1    0  -1
2    7   2
3    8   3
4    3   4
5  999  -1
6  999  -1
7  999  -1
8  999  -1
9  999  -1

 Timp 11, tabela rutare ruter 2
0    3   0
1    7   1
2    0  -1
3   12   0
4    7   0
5   14   5
6  999  -1
7  999  -1
8  999  -1
9  999  -1

 Timp 11, tabela rutare ruter 4
0    4   0
1    3   1
2    7   0
3   10   3
4    0  -1
5   11   5
6  999  -1
7  999  -1
8  999  -1
9  999  -1

 Timp 11, tabela rutare ruter 3
0    9   0
1    8   1
2   12   0
3    0  -1
4   10   4
5  999  -1
6  999  -1
7  999  -1
8  999  -1
9  999  -1

 Timp 11, tabela rutare ruter 5
0  999  -1
1  999  -1
2  999  -1
3  999  -1
4  999  -1
5    0  -1
6  999  -1
7  999  -1
8  999  -1
9  999  -1

 Timp 12, tabela rutare ruter 0
0    0  -1
1    5   1
2   12   1
3    9   3
4    4   4
5   12   5
6  999  -1
7  999  -1
8  999  -1
9  999  -1

 Timp 12, tabela rutare ruter 1
0    5   0
1    0  -1
2    7   2
3    8   3
4    3   4
5   14   4
6  999  -1
7  999  -1
8  999  -1
9  999  -1

 Timp 12, tabela rutare ruter 2
0   12   1
1    7   1
2    0  -1
3   15   1
4   10   1
5   14   5
6  999  -1
7  999  -1
8  999  -1
9  999  -1

 Timp 12, tabela rutare ruter 4
0    4   0
1    3   1
2    7   0
3   10   3
4    0  -1
5   11   5
6  999  -1
7  999  -1
8  999  -1
9  999  -1

 Timp 12, tabela rutare ruter 3
0    9   0
1    8   1
2   12   0
3    0  -1
4   10   4
5   21   0
6  999  -1
7  999  -1
8  999  -1
9  999  -1

 Timp 12, tabela rutare ruter 5
0   12   0
1   14   4
2   14   2
3   21   0
4   11   4
5    0  -1
6  999  -1
7  999  -1
8  999  -1
9  999  -1

 Timp 13, tabela rutare ruter 0
0    0  -1
1    5   1
2   12   1
3    9   3
4    4   4
5   12   5
6  999  -1
7  999  -1
8  999  -1
9  999  -1

 Timp 13, tabela rutare ruter 1
0    5   0
1    0  -1
2    7   2
3    8   3
4    3   4
5   14   4
6  999  -1
7  999  -1
8  999  -1
9  999  -1

 Timp 13, tabela rutare ruter 2
0   12   1
1    7   1
2    0  -1
3   15   1
4   10   1
5   14   5
6  999  -1
7  999  -1
8  999  -1
9  999  -1

 Timp 13, tabela rutare ruter 4
0    4   0
1    3   1
2   10   1
3   10   3
4    0  -1
5   11   5
6  999  -1
7  999  -1
8  999  -1
9  999  -1

 Timp 13, tabela rutare ruter 3
0    9   0
1    8   1
2   15   1
3    0  -1
4   10   4
5   21   0
6  999  -1
7  999  -1
8  999  -1
9  999  -1

Rutare timp 14, creator 3, nr_secv 4, sender 3, next_hop 0

 Timp 13, tabela rutare ruter 5
0   12   0
1   14   4
2   14   2
3   21   0
4   11   4
5    0  -1
6  999  -1
7  999  -1
8  999  -1
9  999  -1

 Timp 14, tabela rutare ruter 0
0    0  -1
1    5   1
2   12   1
3    9   3
4    4   4
5   12   5
6  999  -1
7  999  -1
8  999  -1
9  999  -1

 Timp 14, tabela rutare ruter 1
0    5   0
1    0  -1
2    7   2
3    8   3
4    3   4
5   14   4
6  999  -1
7  999  -1
8  999  -1
9  999  -1

Rutare timp 15, creator 3, nr_secv 4, sender 0, next_hop 5

 Timp 14, tabela rutare ruter 2
0   12   1
1    7   1
2    0  -1
3   15   1
4   10   1
5   14   5
6  999  -1
7  999  -1
8  999  -1
9  999  -1

 Timp 14, tabela rutare ruter 4
0    4   0
1    3   1
2   10   1
3   10   3
4    0  -1
5   11   5
6  999  -1
7  999  -1
8  999  -1
9  999  -1

 Timp 14, tabela rutare ruter 3
0    9   0
1    8   1
2   15   1
3    0  -1
4   10   4
5   21   0
6  999  -1
7  999  -1
8  999  -1
9  999  -1

 Timp 14, tabela rutare ruter 5
0   12   0
1   14   4
2   14   2
3   21   0
4   11   4
5    0  -1
6  999  -1
7  999  -1
8  999  -1
9  999  -1

 Timp 15, tabela rutare ruter 0
0    0  -1
1    5   1
2   12   1
3    9   3
4    4   4
5   12   5
6  999  -1
7  999  -1
8  999  -1
9  999  -1

 Timp 15, tabela rutare ruter 1
0    5   0
1    0  -1
2    7   2
3    8   3
4    3   4
5   14   4
6  999  -1
7  999  -1
8  999  -1
9  999  -1

 Timp 15, tabela rutare ruter 2
0   12   1
1    7   1
2    0  -1
3   15   1
4   10   1
5   14   5
6  999  -1
7  999  -1
8  999  -1
9  999  -1

 Timp 15, tabela rutare ruter 4
0    4   0
1    3   1
2   10   1
3   10   3
4    0  -1
5   11   5
6  999  -1
7  999  -1
8  999  -1
9  999  -1

 Timp 15, tabela rutare ruter 3
0    9   0
1    8   1
2   15   1
3    0  -1
4   10   4
5   21   0
6  999  -1
7  999  -1
8  999  -1
9  999  -1

 Timp 15, tabela rutare ruter 5
0   12   0
1   14   4
2   14   2
3   21   0
4   11   4
5    0  -1
6  999  -1
7  999  -1
8  999  -1
9  999  -1

 Timp 16, tabela rutare ruter 0
0    0  -1
1    5   1
2   12   1
3    9   3
4    4   4
5   12   5
6  999  -1
7  999  -1
8  999  -1
9  999  -1

 Timp 16, tabela rutare ruter 1
0    5   0
1    0  -1
2    7   2
3    8   3
4    3   4
5   14   4
6  999  -1
7  999  -1
8  999  -1
9  999  -1

 Timp 16, tabela rutare ruter 2
0   12   1
1    7   1
2    0  -1
3   15   1
4   10   1
5   14   5
6  999  -1
7  999  -1
8  999  -1
9  999  -1

 Timp 16, tabela rutare ruter 3
0    9   0
1    8   1
2   15   1
3    0  -1
4   10   4
5   21   0
6  999  -1
7  999  -1
8  999  -1
9  999  -1

 Timp 16, tabela rutare ruter 4
0    4   0
1    3   1
2   10   1
3   10   3
4    0  -1
5   11   5
6  999  -1
7  999  -1
8  999  -1
9  999  -1

 Timp 16, tabela rutare ruter 5
0   12   0
1   14   4
2   14   2
3   21   0
4   11   4
5    0  -1
6  999  -1
7  999  -1
8  999  -1
9  999  -1
